199
26309
13837
21597
25897
32508
24201
17346
10157
9113
20857
22747
28127
21188
2039
3503
22978
13894
5425
14078
543
2707
353
17259
17692
30471
20735
30177
10512
15216
3124
7983
16278
22221
23187
6901
16097
2901
1796
5060
17743
25531
32768
21121
31552
7601
10244
7434
1832
7595
2623
26652
2019
20453
18318
24693
2377
6823
20395
3893
9987
17864
15010
7562
20893
31601
22148
31628
27099
17955
15710
28262
9809
12283
1900
18871
30510
26421
28043
22584
23641
3056
28653
14238
25023
2864
21776
11202
13803
11049
5361
11519
3799
11451
1149
13787
20737
9785
21832
5098
11458
31598
15745
16368
9691
5858
23590
326
14673
18521
11636
24703
5500
27805
9122
11594
6234
17021
14286
7066
2089
4374
1848
15365
14900
849
20654
21354
7149
23725
26183
21975
21052
27455
26452
2218
25367
23287
22164
4086
7507
20004
24743
27432
12985
24378
26309
9450
14429
28627
8624
14919
299
26869
28903
32016
1731
20627
10781
30079
21639
22614
31977
1819
10481
18845
16063
23771
16683
29378
13087
24718
729
31135
9228
16762
30777
14160
24256
20036
21103
315
26782
9744
26138
846
104
1256
22059
3976
16306
12130
24823
1723
28823
16765
907
16016
27562
25805
