172
5858
1995
25698
8917
1095
32069
7996
9136
25530
22040
22395
14856
19889
21109
28638
5042
30332
23547
22488
7523
9931
11306
26679
31941
7537
14106
29443
28873
15975
11885
2729
3134
13076
12418
17496
32419
24523
30699
31148
24377
21142
7970
19850
11869
3890
19575
30795
277
23642
23117
7964
2793
30281
20358
15012
31220
19066
15420
20712
22842
8370
20146
1644
27964
21824
13450
19099
16074
2179
7224
9065
18457
26542
27318
23607
30741
29384
31097
7159
32760
25591
28837
9872
7964
7165
4477
19844
24845
14339
1309
21456
483
13462
875
18708
27855
16879
26187
8179
2291
11639
32018
957
18551
1162
13374
12619
11737
21627
25956
22315
15236
11225
25449
16638
421
16625
5877
21021
15930
24980
16165
4995
17259
4123
10880
22759
6174
29095
31789
16680
1734
29102
20835
5614
3707
16051
23328
20111
27216
1108
16414
14895
8929
1674
23299
5420
24107
557
10455
3513
24993
30390
31676
31688
31356
15689
17881
20526
16466
4339
4248
32513
26090
27696
29713
26949
3151
24496
8902
2504
19491
