100
22054
23315
23923
27791
24439
15674
31470
3469
16495
15801
16761
19215
6333
13716
15834
30550
18412
17207
7580
12110
18059
20235
29015
9152
6795
15942
25649
713
27368
18439
3237
5515
30348
8354
14979
26146
29296
28472
26168
473
4868
16780
9552
11166
17617
29201
18489
4788
22620
13384
1354
25000
9550
15176
21763
14726
26835
11934
25495
27980
25408
24920
15271
4511
30968
32605
3665
13501
23184
9472
15465
21171
30769
5332
1286
22992
17470
32705
32065
21337
2359
4951
13625
1150
22238
16995
11867
7053
19096
31680
1760
15718
14101
17264
32406
1839
28467
25067
14564
22601
