1000
22077
250
17900
32394
31105
10393
20489
15746
1004
5533
15726
19523
30233
31237
7339
20845
9530
15112
20395
12942
32431
30297
3046
25486
10712
27818
10969
17739
31783
30063
24243
22400
29561
24548
8018
16875
10918
25937
25453
30895
31830
4236
31251
32759
18455
16064
6228
4828
3501
7534
28478
12681
21161
18865
24075
23196
1598
29894
5272
29648
22351
12747
14873
9689
12492
20679
27660
12176
20543
27371
10603
29776
10914
1048
32294
18848
4980
26017
720
18450
23052
5713
1176
9067
20780
5040
27004
19971
29913
12418
9401
27503
8810
15505
20358
22110
5856
22956
14849
15809
10101
8688
2154
7471
26744
838
12431
5255
13911
29741
27527
25303
21758
26042
28579
2172
6495
5852
1698
21643
20818
11493
21540
24944
23968
13638
24674
17621
12890
29850
15131
30406
12656
9959
19154
13330
4990
5408
7222
24564
21225
9198
17890
10482
19755
16303
13382
29958
3691
18880
29157
22780
31569
27383
16322
7963
19736
28532
4628
8455
5093
3994
17729
30950
13143
19032
7946
19906
3423
13485
28675
16174
20306
25195
26951
13357
5436
19515
31337
4431
22392
22241
19374
6685
22141
24513
10361
439
30971
29346
28166
28348
20519
3251
21083
30314
13906
4299
6012
21255
15297
20725
32479
22911
21945
20780
4383
29262
985
10083
3572
6560
24493
7369
6243
10935
19071
29770
29490
31374
11632
31321
24991
1468
32712
16877
82
13722
1931
13001
10895
168
2125
19713
16304
27181
21574
17850
23763
9502
29609
24881
24272
24129
22066
11775
16494
29074
17150
1435
10454
3814
31392
30240
15943
4558
16241
31056
4364
4286
14375
7385
12971
26479
24746
32728
19808
16513
32035
18844
20425
25189
17237
32172
227
17274
11824
20747
4149
10614
12195
25786
30283
22536
13491
2431
14694
4796
12234
28901
27250
30238
7505
28548
28216
27682
13952
13442
26325
16323
18037
6746
20843
5099
21892
29916
11286
16787
7887
118
14370
24875
1046
22193
11387
828
29648
3070
27748
23628
30074
23219
5740
26626
20527
32593
32670
18314
32633
10760
28409
24379
27239
10621
11552
30583
4319
13002
15442
25811
9014
27334
19611
31608
14334
5256
16460
20938
5151
2342
21674
5703
14634
23746
17123
31921
11753
21704
27974
1647
13627
4977
27826
10801
26398
7308
4687
7891
24590
6013
12669
19844
31374
29318
17930
12071
18180
19269
19112
6393
13769
16510
21406
15476
10113
4379
16829
24180
22440
11377
8598
2457
21870
6085
2794
16364
32453
19727
5218
28613
12728
30461
12160
12268
10238
11835
214
1790
12495
7154
2166
16914
15606
9615
11945
7837
28968
1477
2276
19347
12948
30421
27383
1487
25019
21005
6280
21429
14210
18574
10944
9238
30853
6483
32324
21587
29359
26735
15719
25030
30984
7062
23198
19037
20941
24543
3892
24712
19142
15560
12862
5718
26580
22651
31698
987
24522
20816
2164
11476
23421
20626
12497
18830
11039
14982
2480
5891
26056
8105
8229
29254
10070
21306
17927
17186
24695
19192
677
31230
27908
11309
31669
9476
25745
10731
27277
24707
22850
6294
29078
9873
30944
23202
26109
16884
17451
2718
25003
26691
20594
1650
12664
16200
18274
16357
29595
20905
6428
30306
31333
14023
5258
15867
18224
29159
23026
30638
12690
19600
23499
7911
3798
12339
25040
4167
28076
17170
16980
11684
14879
19546
17877
849
24008
9106
26835
21151
12353
12089
28642
9635
19421
13995
511
20538
6806
2885
15648
587
12103
19657
30991
20300
16156
19716
11383
20232
20294
22190
10303
15263
27379
23441
7448
12494
30077
19950
8018
28784
27873
10524
7412
20549
12404
28018
31243
13555
8145
4967
18242
15946
9750
14840
18099
2252
1360
5194
13053
10349
30259
23185
31895
16535
28687
16944
29028
23921
11519
16674
647
29281
15972
8344
7288
8656
17809
8931
17751
12845
9416
16533
30081
21556
15462
16611
24162
7792
2138
12622
5002
25086
12763
131
18946
15509
26971
16511
8672
3011
7350
21494
11801
9593
23984
2806
11927
31178
3230
29384
12427
496
7011
23831
2309
8336
31902
25171
24002
22335
4898
25432
12356
30020
13735
20043
7976
9119
6847
10949
20917
29259
16651
12596
16817
19137
10158
29054
22392
27581
27394
19687
3151
21060
6538
18228
1781
13286
21800
29456
26235
28225
5264
32176
12118
4038
6397
7603
3763
24000
27683
26956
26634
31633
31332
22434
24822
5951
7494
29047
24388
16176
10789
29960
11593
17714
22821
28981
14457
21183
6251
7138
7734
4734
8077
26525
31462
4876
22342
7297
12104
18173
26991
30810
4104
17950
3370
6666
13201
13309
25441
15403
21026
28588
30575
757
27684
28865
14364
24930
10939
30113
31951
22929
11931
26367
27391
7272
16669
5279
20459
19582
7057
12128
17035
26680
14550
9337
8646
7986
25897
15875
17125
5856
59
11448
25672
25205
9606
24314
14423
12803
12000
18711
7356
31972
17745
715
20944
11098
29730
24070
18002
882
29238
23280
19295
23854
5534
7466
17566
25058
9575
18007
10428
23263
32182
23004
26136
21327
14872
3555
32703
4448
23059
11686
30362
10917
5121
28906
21222
14265
18974
27849
25061
27429
21983
437
31699
3971
7557
27322
26140
12516
10227
20995
9676
30064
8892
3744
22087
26956
3713
28551
22586
16833
1402
14296
27857
23450
20562
12389
4395
30925
15672
29297
11787
350
27955
20408
28624
19329
2997
31664
23207
12031
9332
23055
28415
26586
2933
5773
29245
3124
2921
27115
12209
6509
20029
12340
17865
23692
13293
13379
21381
14816
2969
21637
6699
6119
25306
25856
26428
29038
24406
29332
23206
21242
22162
19329
23867
18279
6152
28970
23394
30671
7546
22297
6157
685
5509
4930
11243
20034
31865
25484
1246
23096
14184
11405
31151
21638
25981
21909
17921
30099
23439
9711
643
26526
32246
1891
28010
15709
27806
20991
5919
15332
13658
1304
18228
31689
122
4491
11677
9606
27551
6472
13341
19742
1742
18450
1022
12548
10180
10624
5125
24632
1929
8264
21157
2995
24136
25276
16499
1797
29022
8341
3802
15421
18353
13808
5904
5897
30787
3990
15688
11038
18183
9344
5162
6618
1011
10395
21632
31528
24662
23752
32050
19877
11884
8231
12148
12801
16175
9877
6974
30119
21105
30835
4092
12448
19752
8106
1416
31412
10761
9707
12629
31699
