10000
22096
31972
26781
12934
27456
1185
6396
30950
1770
1412
14838
19787
31994
32211
9420
26569
6598
27359
31379
23018
2620
24879
27599
2038
25
28634
7748
18289
26205
21301
9481
18148
14843
15022
16094
8929
23252
9720
20159
19521
26854
7529
17082
9136
449
18848
23805
28268
29243
11882
4915
2121
12389
3303
30737
30457
12734
12520
25387
17034
29094
11676
19213
14128
15381
19820
1415
29765
4236
14627
25160
27790
12620
6738
21422
15296
12999
15603
6621
30018
8020
29772
9231
20533
806
18198
7211
21682
29823
9951
20632
28242
27681
13997
28755
2036
518
25828
19775
5306
25168
23657
6333
10837
3715
4360
20093
4227
16114
27411
16788
27093
30839
22092
32718
22966
10855
14341
32581
19369
26821
4230
18994
16338
5814
19375
7428
16568
5429
1247
10927
26185
18952
16916
31559
2591
4851
27219
6349
4353
31019
31562
32329
28077
14605
16948
32024
16596
29200
7165
3208
14951
4857
166
14242
8209
22094
24044
7495
7429
25356
1316
13951
16121
26012
12394
22285
17522
13572
25338
7239
8259
22619
10462
15908
22096
127
31178
30359
5528
18954
17220
29467
13171
23425
24071
1167
27671
13263
29354
325
3169
15602
4477
3414
26835
30453
436
15672
17881
20254
3015
18066
5456
30568
17176
13134
11592
21043
4823
19184
23561
17979
4642
9767
32085
3783
25457
8354
29933
23587
9010
7461
12887
22607
10672
20444
8669
25593
9273
751
11993
8105
18816
2390
15152
5436
11584
21487
12317
5523
30498
23758
3120
7820
225
23764
4758
23857
8108
32643
32666
8240
7372
2320
26220
20108
8582
8890
7201
13969
6723
16731
21500
18701
21742
23101
20716
5309
24222
23086
20565
5638
25717
4823
4627
12005
7112
4681
8637
23337
30079
6361
17702
29920
8383
8494
13354
7439
8391
11928
32167
7334
31256
21923
15817
20914
15065
13037
2443
31957
25209
17460
13178
755
27798
22451
19900
30511
798
1455
3410
278
7092
26701
29338
29465
1109
1446
23320
9537
9019
8221
24693
26654
28161
24817
10440
9217
23561
4366
3093
30827
22555
21545
13075
28612
30030
6667
4915
6992
27436
14893
27613
11104
7441
28038
10493
22469
12500
6817
20158
11402
30889
10226
21141
3811
13382
18538
1410
3680
27973
30281
29587
22118
29386
4148
23721
21472
14437
19591
10878
25394
7226
30444
2023
6766
22623
11309
32087
971
9093
2118
13989
23635
17627
31423
22031
10971
7983
13624
30846
17208
30550
26694
20236
2480
31183
17021
29123
2735
17315
26062
20391
15035
29327
18196
24567
29354
101
11241
30897
31763
28080
15038
28244
16898
32663
20779
24809
31216
5380
5251
23108
22770
22277
28844
8584
10544
18546
31021
26601
21401
30928
24713
12982
12757
24181
31180
9878
15483
7149
30819
6162
27013
13469
25136
1363
20225
29862
26590
23853
24073
4108
6002
14173
18932
15640
7459
25103
28622
19962
1644
26788
20998
3507
15199
30641
31847
25650
8764
16971
25673
1469
8514
19586
6409
12691
29381
16171
22710
17360
32641
10467
23821
7824
13102
20560
29864
11863
32597
31658
15474
3505
97
20858
3422
3093
30969
13986
29273
7183
6029
19870
14973
27807
14895
31497
31623
12764
9381
4963
6283
24796
23740
5649
8422
25304
8415
6565
7029
908
11495
19808
4612
7901
16693
13301
28937
20926
8190
31632
3987
12884
29927
5911
29565
21336
23250
31920
9703
5822
29687
11651
11238
5012
18486
27329
30587
4908
23979
15333
25794
27005
16260
10810
5996
11463
26383
21917
19567
4214
15127
18052
29692
26441
6513
8511
10162
4275
7890
7806
20753
21890
8420
27924
5169
30654
3736
24826
21172
31188
10941
5015
23289
24819
21714
22846
6034
30391
21528
12281
21241
19973
22764
2949
25470
3894
10324
8861
21380
20343
9688
8572
23021
30575
12179
26013
14035
32035
137
9925
18553
29975
3387
12611
27777
16054
3705
5494
351
20468
11896
28817
7181
25650
3108
12955
17920
4706
2231
1466
22364
3691
5003
15024
16740
6607
26668
24230
23860
26507
29362
24105
4786
30527
20046
22898
27586
11150
4642
3562
26553
8136
24662
30957
8981
198
27496
6094
10091
27926
26051
26908
30624
8281
3988
4900
11356
28136
22233
21431
13500
20158
15802
7470
3911
1682
31517
1194
3876
9283
2421
26017
394
24953
6106
24214
18295
9610
4447
2855
14245
12186
11936
8013
23738
11271
17818
18400
25534
14596
19392
29785
20179
7811
15947
28124
16416
15705
25809
24438
28943
31132
8729
13219
10680
9296
18222
27411
19613
10307
7346
20653
19095
32310
5749
11989
4880
11325
25926
27114
21619
21609
23305
9235
8417
5795
21770
20028
19238
18907
8337
19035
4075
20579
3511
760
24364
2965
9335
7148
23021
12988
12296
8297
22569
4402
5226
21050
2828
28613
8768
32332
3938
11615
23773
31342
1102
19175
26273
12373
31295
28258
1926
23011
20000
8542
502
21161
17615
20112
10720
8874
31441
17084
29194
9825
31812
13525
25513
30726
6420
6502
13359
32270
18802
17712
28004
17137
13954
8980
23480
31279
15188
308
14039
22165
29206
14678
14463
5564
8584
14473
5518
25812
7856
10762
3424
671
30414
18792
855
17088
30098
8167
22203
22070
23437
12578
27845
32036
22758
23285
8438
1491
8270
27802
4013
15609
9781
14610
28409
13116
24638
10439
27052
31730
6385
3695
12465
18731
11185
17203
13983
2289
15597
19985
18829
26574
17050
6783
32553
23695
28896
593
9988
8520
24339
11996
14128
15768
30950
5468
26381
1582
4059
4755
27744
13708
8446
27059
3749
523
8915
10878
1191
21792
28557
17068
20557
2013
8064
16013
3255
18619
26585
31983
25225
3734
20877
23106
5767
15609
23695
5882
26211
23964
25414
32053
10194
4907
21054
2462
24037
10569
2078
7057
14487
26069
29146
28800
12963
32620
14121
28309
16792
23855
2874
664
19502
966
30114
5396
23259
21413
10138
23221
13986
31885
12647
1013
27180
19030
11289
4087
22809
12013
11128
18099
24984
11673
3132
7764
15413
2946
29308
4062
3571
26995
3177
7956
24731
10975
27964
6553
30035
20002
5229
20821
9586
6666
29990
22042
17811
17558
4599
29320
16105
30461
203
28718
21202
21234
27419
26353
15534
23847
24161
7090
9713
28944
208
12843
8311
8681
32322
13850
6936
11514
16754
16290
1149
24858
19819
14062
4145
8050
19264
31511
20987
22915
8190
28744
9068
12395
7903
14624
1972
6499
11200
8023
442
11149
25045
28581
4203
31469
4764
19679
17745
9396
12559
15972
10600
28869
32030
32183
25646
11378
860
18285
22778
8838
17657
13130
11918
21641
7152
22439
29935
22847
12161
15382
23925
1138
3298
24393
14622
15345
14386
21552
12583
7641
18862
14946
28126
23571
27431
5566
8114
28958
18868
18770
7820
4623
20388
14716
4962
470
15030
22862
24585
10690
25229
10039
14666
6984
17246
23776
10041
24320
8428
22101
24514
13552
21942
29797
12165
10765
8814
32331
25828
9983
4526
18062
29017
23589
17383
5925
13581
11993
14234
10463
10407
3061
25034
10754
22882
17301
10929
6194
27491
21023
8882
29077
5705
14977
911
309
20485
21946
20956
19110
6636
15260
12979
22760
9226
10448
18858
29838
15034
1562
13058
1312
12916
29918
28193
8639
17893
1252
19522
5383
6725
30552
14188
22586
24037
13077
26016
18842
13575
20003
19543
8726
26867
20605
26668
28201
3399
5144
11477
3584
3983
26146
12631
219
25877
19847
27770
32693
19195
6842
5499
11047
19590
9394
32002
20618
957
22323
29267
2652
18483
30286
2248
16356
16417
15147
20863
18457
1975
11782
23888
13249
25268
24952
6914
726
11317
29432
26046
18733
30922
29857
22467
1626
7887
9270
13660
13518
6394
4963
1039
21570
30512
9541
8728
29529
20893
1325
29206
31872
29187
31393
28419
18969
10066
16036
15465
17882
30586
13880
1747
5999
9085
13856
18562
9831
12744
13290
18018
29517
29379
2093
22845
3093
13223
9744
22317
8123
5008
27659
12631
29990
11987
29170
6614
18770
5265
30767
17910
22702
14988
23630
8355
6083
25402
14016
289
24343
10776
1496
14845
3665
10817
2586
5187
27293
29503
14261
2801
15442
16417
24910
23212
28627
9421
32767
14770
15795
9624
15520
19472
7708
27924
7749
10261
2929
5161
519
32518
22578
12392
16392
15891
7200
7323
8625
15242
31906
12193
3390
17483
21608
21881
2685
7548
32334
16028
1234
20093
18307
6544
28287
18206
19690
2746
10530
13840
18368
22132
22399
9114
3456
29023
31872
9357
18179
27386
2938
14714
8940
26228
19890
11810
1859
5567
16672
3374
1632
27366
21619
31777
6923
29600
9301
5002
28641
4901
7663
1918
13818
3648
10928
13381
20168
7590
18762
25428
19778
31366
14334
23675
4674
6497
5146
5984
2092
1820
4800
8492
16849
7252
14056
2692
147
31473
10408
29115
26057
2558
4532
32070
21349
25528
8993
23152
16340
27108
10350
5199
293
29798
19396
22262
21358
19984
28541
29420
7787
29624
16612
13533
15977
18829
26683
26000
21602
15019
31235
1561
24938
30444
3447
7248
12617
17153
7258
9089
22634
3778
4082
30053
18676
17859
8021
16209
17206
3624
25315
22446
9544
27066
16660
1961
24047
27962
6260
7467
1730
501
19179
22796
27019
26008
3650
3460
29936
23622
9699
226
25683
18664
27104
26752
7926
8132
16183
4086
4707
26450
25941
142
3083
15178
15576
15608
22061
1538
27545
25919
7161
25591
490
22268
22774
26025
1308
7626
22433
9133
837
18425
855
22781
5183
29575
4468
30610
27636
10059
17853
27445
25049
19572
22011
32402
4537
23602
12521
5774
31156
5555
11344
14298
14727
20561
24177
2760
22286
15882
9891
20830
11271
12848
10557
938
24856
16481
17078
1620
6676
18362
13835
12154
14202
15944
6753
3511
20798
20671
19436
9605
20172
10863
25615
6342
16459
31091
31941
27805
23838
812
17215
24962
19377
23790
7631
4502
5746
7416
26884
18739
29213
6058
4119
19912
14653
31986
1157
1764
16624
27144
22782
15760
27370
17243
894
26082
6332
27339
2746
9935
25686
9752
8893
5185
16843
18842
31955
20329
28245
31539
20134
343
20633
8579
21671
25544
11820
21338
21423
19519
23125
23411
24038
27991
16917
9311
24293
16983
31076
8383
13079
22791
11710
950
20069
28098
8670
23966
13842
3533
5834
28922
20963
13287
17935
21420
22660
4897
20814
12393
23335
1008
19191
15465
13422
18305
15445
13667
24203
5452
19659
31672
29862
9964
28253
7407
25470
13870
13169
25185
3412
8552
12759
14389
25861
10764
5896
143
17526
380
20907
9989
564
6176
29790
2131
2652
25271
13746
591
32441
2538
12663
16415
8749
14375
20283
5801
4946
31148
29197
1355
6752
25314
21895
11980
3666
28909
15371
24211
5444
22657
21068
28183
17440
14071
27664
7831
24953
22944
32309
15115
20407
3929
31218
5722
25205
14431
28000
14797
8999
2149
3385
22468
18688
12004
3039
22184
26643
22963
24992
2080
7096
17879
27192
24712
12337
21148
31639
17055
3981
19173
23013
13183
30157
22720
11460
2771
12358
22333
22997
29508
27718
30337
26749
20276
22778
26134
21225
21935
8335
31109
26703
31646
31896
31527
9335
32062
27056
8504
8315
7121
15968
22829
203
25492
10563
23879
1139
3568
23143
18537
6561
21492
23543
7207
7009
17667
24087
27935
7340
30154
31248
10636
25761
7029
12461
11800
18
26403
10213
7410
3138
13719
27577
11041
7917
26416
13920
22552
28553
29723
930
17290
9676
4295
29570
5503
29038
30361
16415
11432
20272
9442
19164
1775
7965
11790
1215
6227
28688
25886
13847
1011
9334
32600
26978
27496
21589
32316
32109
18520
4238
30139
8893
1096
27487
676
18478
17074
27179
1375
15066
4440
17534
29917
32060
29399
5196
24015
6550
30591
23417
25110
29583
22626
670
19579
23841
18603
13579
3233
29362
28978
15880
12087
641
19021
19297
9842
836
18408
14625
30395
24080
3032
19101
7077
3960
4716
29876
14625
25593
3397
7510
27893
21398
24680
29763
21610
16575
30098
18709
6725
7799
22988
641
8441
16822
22846
6874
7451
25100
3400
17878
13334
3464
4303
9109
29472
5080
20181
9439
12909
11441
8013
1198
14498
23922
9773
31468
12940
25092
10436
3197
21266
7428
19790
7296
12136
21284
30918
8914
11142
13774
16123
11220
2777
267
6374
1391
31032
12452
21819
15701
8217
4231
30526
21641
7173
11371
30680
19489
26185
25271
7402
28491
1775
7840
23265
32398
8940
32146
29835
8274
15003
25554
19753
15011
11370
17505
8389
6706
20436
8227
5829
2716
15503
64
25281
17391
4614
28619
26514
20843
21257
14498
4267
21893
10691
26517
21933
20274
10221
23498
7221
17505
22338
25951
27640
30153
11827
14162
10515
32742
15579
12446
18588
3390
9781
16551
13181
32233
14733
27352
19330
10320
16436
11659
18096
5941
21368
20521
21721
26868
20179
23698
17261
13320
12899
18367
5011
5328
2458
3494
13944
18579
10807
17501
25575
31171
24437
27267
16155
8574
21890
29916
15825
8794
22834
24379
1441
98
16373
17573
13197
23132
3079
17075
16859
2126
8422
11320
32
832
7177
20260
20894
31298
9679
20904
9679
14513
20150
27291
24386
16823
19661
31005
7334
17681
11628
16250
6181
20757
20258
17745
4339
26099
14319
9461
29478
20027
7091
18451
12744
24735
9959
22421
1834
3835
24971
25287
3964
26258
15967
440
29083
26010
10838
30436
2602
18940
12360
5135
19684
15701
1255
26228
20528
576
3828
28191
14070
1751
16307
25752
27826
119
20380
22209
26567
29892
13139
5633
26133
21485
23770
17570
22477
2098
7430
376
27780
7843
14639
30404
30343
27946
2348
20567
6255
22987
12670
23803
28917
10027
19916
24334
14599
27215
8080
20592
2075
3495
5391
7584
12995
1355
15502
7201
30593
6276
30659
16419
28125
25742
906
21855
27574
31900
10201
16195
21718
19229
9206
1103
2249
6206
10983
10431
25326
22960
1067
7274
206
12203
9383
16362
17069
13107
21475
17661
14943
31130
12662
28203
31837
28998
11967
29097
1816
31668
20694
894
13453
26813
20162
19172
27162
14104
24557
18161
31376
15905
20181
26230
28297
9432
9219
22312
9980
18989
32065
20477
3598
635
25864
23257
18987
20050
15928
24938
10070
28281
6155
336
10941
31027
32332
27522
1169
21698
6596
21229
21524
15146
13558
11870
29172
11063
30988
20897
13527
27329
30480
8683
25655
32303
20831
26997
19824
14650
6491
3690
12055
19700
13665
12547
28302
30472
25339
29936
19413
13891
10582
31227
1955
10323
20470
18408
12214
29903
11688
12703
1383
27000
25528
29581
12929
11199
22885
4423
16467
9095
2962
13936
1284
811
1214
7902
31527
4291
4406
18936
14223
5283
905
32098
29029
4389
7485
23261
20599
10153
28608
3432
30163
20185
18849
20907
29333
15922
1024
23958
8445
12992
17476
27462
5061
28968
1548
27432
4017
10476
359
8544
17255
7403
16711
12908
12673
13607
32307
25348
225
24011
4413
3909
10052
22381
4916
7439
8730
23696
31770
28076
12694
16493
22232
4786
18945
27379
23857
18986
12115
22028
4085
1521
28420
28706
8055
607
11296
2018
14400
12327
29082
9535
2053
30078
32482
29626
3799
2688
17081
8673
4250
29903
30789
23062
15032
26237
6752
14482
21015
1068
8502
25258
32072
22131
15887
9040
32513
27268
2409
12508
29901
26124
22346
13
28162
4699
9684
18506
28403
8901
23066
7470
13416
14920
16178
16708
19275
29807
31628
5647
20644
30069
28801
19790
28104
17838
14383
16253
25804
31779
13701
2975
16704
31868
27290
25659
282
19492
2371
11685
18929
17063
29156
20862
32364
6495
5254
27518
18425
7759
26666
13169
26818
3663
27741
18560
27101
23146
26893
16818
31170
23684
24731
10163
3843
16191
26673
15315
9015
7456
23126
12369
6711
6894
6080
13786
10638
347
19049
589
21546
6631
24293
13505
20056
21248
10226
15049
24047
28526
24657
6903
2762
17646
32468
18590
13180
19997
4281
25820
23104
5016
3638
4312
15919
12386
23893
13641
5302
30086
30466
25400
30534
28925
25186
12806
22861
23505
31335
16048
6758
13187
12706
12370
2252
683
18520
26090
26645
7390
10455
12639
20509
20948
24074
17346
30784
23498
22604
11987
17100
3366
29818
8135
7349
346
31052
14152
1419
21770
32485
8894
21418
10609
29864
23245
2225
30465
14670
11038
18997
29513
31029
26467
21174
3612
18171
29077
28369
18928
8780
30080
23224
29572
24824
32130
5088
31942
11849
17552
29433
32499
5267
27001
8739
10240
17676
26479
17247
5945
4574
30659
23363
27944
20091
16624
21491
4792
2609
30427
11340
31642
22782
20569
10082
26600
7845
30194
4141
26888
4097
19941
25983
11732
24218
18795
569
23031
17014
5952
5567
27802
22066
24416
169
31297
31057
27662
27068
15855
11475
25627
7960
17809
7689
31333
6066
15769
21417
13982
10501
8170
12574
15183
17669
18932
17441
11548
21589
15904
4237
8009
185
5230
20079
10621
974
24156
20061
2758
19961
523
30730
32222
6557
20637
5911
8877
16017
23521
27179
8462
22993
20274
10309
26838
7539
20380
28753
13075
23773
10049
22266
10385
10550
16379
1728
20899
4634
12611
9802
13087
24210
25938
30973
15531
21059
6533
28109
27703
21221
15878
4179
19147
503
30889
4128
9859
7857
20244
21074
11736
17467
15395
16741
20512
22556
13451
20299
1880
15605
24253
23998
28450
7535
525
213
19722
25458
28947
20437
28173
12184
29521
14410
32092
25825
29207
1879
14429
7336
27812
7499
9203
5845
30606
32628
9983
31317
19300
15416
11815
31175
9873
21857
15574
12408
1667
9401
3971
19346
31757
28375
13111
21392
7946
6200
13897
10741
25924
12434
22124
3902
24724
18532
20461
17685
10314
17618
12853
8391
29134
9648
23957
8696
7304
29149
3651
24982
13566
15826
6303
27915
13116
122
15035
25015
30841
10821
10011
23709
20471
12920
11449
4700
30507
3783
8268
9058
28958
18725
27338
92
10515
10203
24876
29424
10346
7127
18801
7855
25540
26951
12517
3653
25448
15975
30627
8435
19174
11415
13657
27712
1018
14257
23371
26091
4274
28569
14235
27171
18643
18454
15815
29178
1658
8928
14451
3608
1535
16378
18537
31148
32030
2113
21726
22953
11609
26182
20727
31790
30104
8537
31371
11333
10003
28390
30251
28113
8561
11781
27743
13762
31281
332
3123
29323
13130
15079
5874
30934
17678
20203
22834
10358
32596
16360
13584
23965
1494
14782
8637
591
27608
20145
17466
21526
13067
2751
1375
12792
12720
20784
18722
1702
9216
14448
11030
8950
27852
22554
25650
7315
18785
15701
15828
1267
31918
31075
13829
3210
13737
32375
14591
26174
13550
16071
5101
32538
30121
16867
1265
24134
23991
9285
3179
16695
14600
13609
25465
18467
1096
9887
15290
18104
19134
990
11352
3341
7028
25051
28741
15577
22936
32282
22980
32483
27682
16324
7980
11449
4279
20219
25832
17061
21965
13930
10435
11741
17
17184
29283
19194
24325
5790
27922
10411
21742
7982
20165
25259
5613
27255
12374
10480
25196
1615
15125
18214
16571
25552
20351
16475
31227
28846
2381
21244
24124
23239
17585
30976
5090
12796
2268
14435
30285
23616
31683
22486
18361
4078
17187
19381
14946
18528
30402
28473
5356
26813
2041
24047
30211
274
17007
360
31551
27045
18983
10034
20298
10374
15037
13064
25412
21862
19436
16710
22374
28588
8020
19872
22246
23238
7034
12818
27419
29885
30737
4634
2530
31501
24440
1574
25408
12723
18819
6984
12873
135
29566
31537
5440
31436
6511
20573
12543
1286
21660
14987
9113
3339
17229
26480
2623
2141
24019
9132
7776
11447
7369
30717
11796
5862
21658
9907
29627
21466
27204
7524
4321
32765
17755
12000
12390
28868
9040
10599
5083
7299
12275
7450
4142
13445
1847
26288
15754
9564
1077
21098
24185
29046
372
27465
16972
6641
28264
19070
9916
2480
24120
31522
23761
13999
29637
17959
13571
28051
20199
31375
30368
31622
24313
1499
26221
10817
16025
28871
8336
17002
31913
5172
18861
2081
30361
6758
23376
26070
10217
8303
3979
14685
4841
3051
12256
30532
9924
26862
19296
6244
18108
25659
6165
1462
22199
13751
926
30312
28923
3869
14105
29744
10550
25330
4678
31201
193
6076
25064
24636
28709
31599
21871
3336
10719
2856
30677
6245
31328
25373
12230
23645
26968
27348
2819
8892
52
4500
22792
25889
23013
12058
22765
21334
24548
23692
32394
5085
22643
22963
4830
29387
10789
21092
13234
29402
30880
6207
30329
29881
32418
9373
12923
26790
18754
30403
13874
15935
14457
8796
27636
1685
26848
8742
12755
31875
27323
17131
26818
26430
27191
15027
32505
2860
11504
16440
31130
7418
2230
13978
16788
27369
14225
16724
14279
12392
11522
21615
21610
18408
20620
5365
21930
12012
16755
7593
16788
4191
1988
31733
16181
18731
22165
31012
2816
6919
17294
977
2672
400
6057
19871
17134
23964
7477
28971
14324
27339
3873
13375
29811
13151
3447
14921
17266
30285
15143
15115
23544
13203
26886
4499
1069
21197
29206
14190
28604
6147
11528
25
23931
23238
5887
10424
14414
13179
7063
4106
16201
4854
7718
10909
30996
30795
10306
1854
30356
14560
24963
30644
10439
3783
13449
12718
19952
24907
17729
31737
14837
31689
7269
15350
32261
9922
11330
30540
13181
22317
4798
7642
28173
26642
15513
12272
6423
4692
19955
5310
17495
5839
29711
13580
9161
20130
1110
11820
18119
5582
3231
12589
19058
17409
14509
25170
2900
10156
12537
19650
6724
14171
22194
16001
30857
27974
259
8351
24386
291
8084
8112
5637
29759
26195
14460
7366
9165
26228
31991
11514
21886
14518
9587
22013
29266
7401
16916
14513
25517
12973
8324
9833
18093
12156
14825
9989
27067
13803
15636
10846
18528
12844
2299
26852
31066
24536
11114
14213
17136
23787
14325
21201
18818
28177
2865
25948
3172
22560
20004
19812
9453
29413
19961
26036
31690
22819
31736
21960
26776
23001
10678
11570
28595
3780
21897
20029
4680
15397
6975
27599
25778
24004
7440
7828
24323
1333
30928
21848
7136
27994
7530
9397
31123
26409
5257
14831
20827
943
5272
29980
14598
8021
28397
28296
706
12899
11841
27479
28465
2754
31076
1388
17851
21254
3630
2698
18216
2732
26809
22201
11886
21407
27341
11756
13255
14593
6044
22752
17927
21289
14256
2375
28205
27880
31009
18726
4408
3601
24587
31100
1084
3896
6975
9252
9908
6841
4409
9468
30490
16125
14675
28231
21941
30200
5432
27728
27059
17910
24218
19537
23671
24472
15656
10898
24372
23833
6330
27605
11963
1750
23503
17906
2449
16654
14906
15295
19525
1766
20504
4146
10240
5808
11525
29898
10078
13164
8080
30506
30076
8079
21740
29192
6995
13572
8424
1349
10052
15985
544
22877
29427
30139
13941
12802
31577
19404
29628
5124
32533
23956
6323
628
22275
14925
27193
5897
15632
24324
12478
31170
30029
2901
18936
31693
3394
21366
727
22952
9604
4983
19900
26758
31114
10183
10470
13044
6588
3835
18732
18620
3021
22731
23794
17930
17739
1629
31574
21965
13428
16327
5034
13152
19276
719
28967
28522
16620
12020
9951
31747
32029
4787
30708
17432
25125
24067
4104
21008
26849
7714
8180
18863
17172
9875
12989
14651
30719
2920
20164
1502
12082
4285
14140
30540
7585
13189
25057
9893
18682
12169
29927
21661
5430
9901
24881
27354
20591
19829
27844
11422
12529
16585
16763
23205
31123
26869
21500
20049
14408
3572
14058
20484
21233
238
11869
11469
22133
32511
6031
20296
15380
12602
30936
24511
6392
28142
19932
12181
27661
7975
25603
29669
32275
29304
23337
4966
2034
13816
7831
2962
4941
1675
27186
12551
18777
13155
12275
20269
9200
31430
29079
27417
13537
1041
25240
11697
30603
15101
26203
14609
24746
28705
16043
27950
8304
25272
32358
24505
19160
6053
5238
2887
23095
8628
771
31150
16403
16163
5863
28082
30777
28769
13155
20449
21002
27669
1552
25275
25622
5218
14104
534
24044
20841
27045
29121
11311
29968
8346
32616
8941
3074
23426
31671
8749
16376
32709
20162
26823
12086
25122
11173
2425
23896
1113
10087
13878
8526
23336
14117
21953
13478
12409
22892
6011
18441
30170
28390
31098
16649
6957
1593
29914
1306
15777
7980
17496
30173
17121
10508
31004
677
13451
16462
20951
29492
28643
28533
2062
20421
32201
30518
1974
2640
9960
25050
17664
19721
6193
26085
9334
4649
11144
23541
10567
26866
10428
19436
24031
3053
4797
21841
10939
11383
21769
30452
3964
6011
25960
31185
29242
6017
11737
823
31002
14312
21196
4650
8739
19823
10641
27653
3405
26619
29457
15460
11483
4500
11964
27712
20459
32432
6594
29788
15180
5044
11910
12000
17551
25528
14416
27716
9057
3210
20289
20336
27928
5110
20621
13602
28299
10821
9956
10895
22567
30212
30513
14157
28735
19719
1415
32368
16292
32429
26200
31476
27766
4964
20457
23387
14137
9584
8194
16534
20011
14057
27114
25641
27349
10499
8339
27019
28129
14483
12561
24267
27947
9166
8528
12409
26651
23891
1799
5316
5681
28780
27368
12768
993
31376
27674
939
29090
24109
14312
17551
10562
4773
10683
23978
15740
13718
10053
8748
26572
16735
3328
23041
30850
3296
16087
24497
3350
30849
12578
21892
187
27765
32216
13801
19254
3136
23040
17176
16881
17270
32617
6647
28491
4038
24219
27706
29747
11320
11533
9679
10229
435
9113
377
27219
194
300
20667
23512
18583
9666
31479
28777
16209
22930
30679
4125
32634
5253
18668
14927
16084
23021
13973
24305
4693
31860
21539
25122
13168
24146
3898
32259
10902
452
20090
30407
765
32185
25439
21770
27552
10958
21350
6756
27015
7292
15474
9277
32584
14992
22637
12515
28110
3804
25650
15065
29273
6957
28075
7795
9670
19325
19766
15775
24849
22633
20046
5638
19224
11749
19303
32084
29601
10798
16665
30675
8095
18688
7297
23871
10929
3850
18661
16342
8684
18847
16534
18862
31706
30382
9499
1099
4546
26868
8843
15985
15914
31856
8763
1079
17563
28439
4249
23901
26276
12746
14936
17887
18977
17797
1230
5322
5310
30937
1434
17743
24758
6556
15753
22038
28385
28383
31419
13013
14829
3872
9729
23584
20203
26305
32650
16771
3854
697
3775
462
16048
29578
18795
1456
1430
23667
13855
10375
17525
742
3541
25463
25525
29244
8403
11961
32628
1960
722
3382
5326
31337
16992
30293
5212
13380
12163
4625
32250
3634
30111
31566
27086
17750
3225
31853
8838
15409
17725
31262
13536
23577
29917
117
6256
10983
1083
9793
21918
26865
26026
15001
19694
19256
13935
28855
900
9698
3949
32266
6375
6890
18690
24198
18949
8470
13868
13119
9591
30505
6896
28470
21767
22362
25084
18034
8303
32518
21899
4947
3428
24226
24457
9764
16595
1523
5367
13039
1387
8321
4242
20885
7003
5705
24751
17437
13661
9394
3178
30541
18163
962
29695
29047
2032
27538
4216
9110
20795
3583
22153
20634
14032
22691
16568
32511
775
4868
17600
10404
30489
11530
14392
7387
29920
20919
26736
18620
30174
4626
27036
22976
29569
15460
24884
28299
9381
13223
20378
18952
13403
23356
7422
15547
21993
27356
28031
14419
23058
16081
146
16767
10647
30822
8104
13315
18685
668
24587
3339
18833
20254
15369
12223
19370
24439
18261
22551
30254
28291
682
12273
1879
20003
4785
14945
25271
19765
24101
2376
16506
14788
22325
28968
25068
21371
29738
12086
28475
16992
6985
13745
25213
26047
1531
4723
9204
3939
24363
9158
15249
32524
8432
3960
15288
12830
30060
12338
18755
23447
7924
27909
25801
6211
11120
12102
22816
13107
30469
27292
29472
3691
16882
27479
26282
987
23992
24323
1257
21137
13694
19261
10200
27692
13747
26310
30469
13972
22261
2262
27028
5608
20530
8883
10630
21176
13325
30593
15420
12405
32131
1628
5174
18469
20430
23204
28705
31579
28041
13976
11025
4967
11030
19495
25099
24778
24637
30722
4806
28397
7445
13046
6066
8210
9768
11641
9530
17802
31698
18819
11334
2088
28906
26271
17925
13559
5284
13377
3305
16936
29622
32346
1779
8270
29882
10282
1328
11214
21460
18773
7300
21136
404
8506
7078
16891
26910
21632
8812
12577
24968
10481
15945
6966
20099
13196
12308
32327
13374
11477
16138
29224
17031
24432
15639
11183
6964
25838
8273
16415
22465
9447
21957
15591
4666
19017
12663
26509
30043
8943
8100
14821
6135
7542
31562
28294
10134
22860
11755
12670
9826
32009
31885
18757
16452
18179
9733
19440
31562
3100
13941
13479
18252
6367
13332
27993
12495
10444
2349
8366
15145
26607
20331
26686
9702
12984
24659
11008
8555
2054
20242
16389
14041
24965
12153
10598
26420
26170
20038
31611
17861
11100
16037
17485
4540
30566
24822
1870
4890
15210
18129
8520
16078
13992
6215
10388
26142
30815
24171
7564
30025
13283
22290
32578
1387
6896
13782
6259
17824
12862
30305
6326
32620
21589
9192
19961
14939
22179
14837
4654
17124
1228
618
16706
6291
26177
5315
19279
1896
532
23195
14098
28794
5387
15729
10399
1503
28147
25005
16467
32208
25654
4830
26123
265
7344
17734
21651
22639
4287
20632
31074
7669
2969
18432
31876
29888
4579
4964
1239
3210
26495
11754
3194
29764
10149
11706
22915
32767
9013
30981
28400
17932
31051
19526
2529
30562
7700
30151
32516
5953
17377
27239
3152
22037
23162
6044
29430
5021
6325
5812
28052
19532
17479
9568
22188
30192
11225
1906
4950
3985
1887
13798
5681
26780
12965
32543
3743
25409
30250
31860
6194
13849
21042
235
32353
28940
23
25924
26752
18802
7648
21818
495
29048
14356
517
29329
32453
9681
24099
15231
9310
27416
18008
19454
17351
5483
15348
25263
6508
18074
5204
3846
2111
25050
16811
26365
18593
3863
6403
17674
32390
2187
14718
8782
31444
26256
30946
24847
11277
23986
31060
7016
558
8969
19556
19007
18903
27334
18250
22648
17067
13579
27759
30312
29946
23808
3632
16781
2718
7715
3806
5244
12066
991
25097
4890
15146
30561
13054
18191
12046
24487
21646
24696
16585
2009
24081
28380
274
16349
6571
9826
23496
27430
10190
1345
30611
29132
31744
28023
14537
18402
5855
1726
27534
32516
8546
31932
22848
5679
19809
28026
19730
31701
8024
7191
19446
30257
1384
15294
961
26073
24478
26325
13705
5778
23928
5751
8018
4711
21669
11813
10474
11005
29965
28600
22546
11553
32273
27546
20446
29347
22804
16694
24415
18023
15674
17325
25471
20153
16495
22219
43
29153
31148
6201
29880
26871
6261
10484
3967
29945
5543
11005
1227
27163
24944
18259
11510
1374
12959
20510
28110
16484
23326
21293
21309
6019
17852
12450
6954
30232
304
2540
14490
15646
31835
7414
4635
6143
22478
24478
32610
5033
28812
28521
18995
11237
2065
10613
13953
17124
11667
32431
21975
14107
19591
22597
10742
2898
1127
8287
23232
21751
11699
17162
852
25783
12342
15220
23163
23888
3722
351
14915
11424
19166
27344
19177
6914
2295
22023
21756
25819
4469
12212
32448
4720
6744
10600
30929
507
30914
13386
24072
22525
8190
5131
19106
18901
4546
7708
28319
30354
9137
31006
8041
16902
15908
28826
11446
26139
30762
12530
31919
11883
13518
32663
13138
4618
9624
17277
26901
8102
22102
29132
13516
28627
9755
13017
3276
4512
20873
21332
17233
9582
29260
21955
8733
6658
6119
14382
26978
16344
23987
16924
13794
9914
8740
28351
4693
31122
17231
18284
14347
19581
1193
16974
17106
4384
530
31066
23578
9535
21522
19845
8535
12171
18786
18997
18855
16060
22958
23798
20149
24288
13721
13679
7389
6387
6146
24980
3729
4271
15493
31261
14075
13477
8005
29494
16355
13453
27113
25976
24276
12763
12773
25368
9594
24211
27643
11614
12623
32349
14593
24153
32375
32220
28644
23250
25063
5180
2285
8318
28365
8970
20035
17527
19244
18505
30130
13805
14279
22210
1962
6425
20289
10395
14219
20083
16514
43
4383
31269
2141
27405
8040
8127
28271
23411
28829
9772
18762
27581
7023
22501
19923
75
10640
13156
28136
15247
2934
8156
2630
30822
31069
23079
31658
16040
25995
11776
14135
26109
25559
20338
4632
23283
10860
26768
26726
14926
4043
12135
11084
13984
10767
6193
6761
31769
29557
30668
11381
1695
6171
10858
27432
7713
20744
4745
18007
27945
28781
1062
8801
26033
810
28717
9673
26680
11156
25653
2596
24853
6518
12906
29750
20490
17238
21962
5976
28188
17657
26261
10268
26018
1833
13054
25140
20637
5301
20519
9616
28999
16570
14156
28359
22767
545
17215
11960
28931
10345
8724
17777
6767
19878
3869
9296
22309
10698
26905
23399
12797
11044
30888
5669
22720
30758
31490
19251
7295
15979
17641
9117
19498
29433
4572
23858
7518
26563
21390
11309
6013
23154
5526
24597
13572
24676
18792
20449
12057
21493
3716
20832
10084
9982
19181
16344
9248
16028
10205
21998
4722
15411
18103
24261
17145
22450
16957
618
5286
12056
20483
12656
16846
12087
5667
29655
893
31159
2355
7987
32526
27743
26228
14345
12792
11664
7756
637
20459
25106
17143
1578
18204
28692
20345
2386
24285
29549
23255
18231
9328
18216
2950
26056
6685
18496
24356
28288
23682
13736
6758
20108
12843
20878
30034
8748
14690
10209
22446
20315
10312
7697
14776
13234
21285
12310
32023
27018
27901
32435
21010
26721
13924
4860
32000
1151
3730
31510
4095
4568
6842
9278
27881
11829
30616
5644
9092
30351
10570
29433
32761
11195
15712
25120
23944
2637
21302
17985
4473
22966
32386
26123
598
30383
14377
27035
16215
23771
20823
20800
11294
29607
7374
18817
5284
8822
17022
97
15732
28667
29014
24545
17431
12517
25435
20935
25551
2498
26615
28830
29320
18461
26771
18942
10763
22250
7016
5645
4469
21029
22673
2118
6887
32181
17765
7545
18816
9110
18949
2835
29576
7479
1329
13216
29934
3105
12896
17550
26101
1498
13839
24884
10794
14089
17497
32531
27545
16858
21960
22363
22080
23460
24171
4529
10180
28106
31528
3119
26467
15839
2388
25772
23082
24845
23681
10046
1896
32439
1687
17918
24930
9821
26151
15883
26184
15552
28411
3538
19816
17479
24818
24716
5282
1186
24843
4871
540
21933
10431
30122
28215
4503
16276
28596
27073
29251
29423
26564
5228
24046
41
5534
14206
26387
9446
8492
30923
907
2466
12995
14816
16121
14989
22696
30594
27749
8857
26067
15703
6951
15569
11762
482
21255
28652
17073
32437
23458
18466
5689
22753
4880
830
9974
11698
6083
8949
6302
22425
18866
31094
24175
32618
26295
25666
23224
19911
17974
10558
6042
20700
30720
10758
32016
27214
19063
24965
10285
22893
31730
24515
18341
13745
7011
14333
8591
28004
23607
5371
9833
7324
24957
26526
13661
20588
17483
25529
30146
2651
22877
16161
27110
6165
31232
26376
7947
4961
21550
8070
7855
7763
1531
16761
1297
12227
2096
2703
24816
1022
11317
13217
16534
1466
12596
16707
4117
17232
13435
17049
11473
17445
290
29292
21054
21097
750
28284
17387
3333
24694
31000
22720
21966
132
30957
19332
28671
32446
11036
29857
25318
21382
15247
20780
29917
13086
14220
31520
21116
26640
3722
30442
13837
11469
5444
31275
9024
18580
16141
4025
2849
29589
355
15591
27718
18007
5574
3078
17229
14423
3531
8235
24454
29170
28012
13875
28652
30084
16290
14085
23642
25554
22838
16151
16123
24485
15827
16180
4611
21688
23393
6780
26012
9684
3982
26028
12835
1594
11181
11167
6805
577
27332
23317
13124
31552
3552
16820
8399
6830
4780
14412
9040
136
14402
25695
25047
12531
17985
13025
2584
1315
18976
28732
6240
9083
16066
8599
23502
17142
21066
856
2751
15813
15920
20711
31626
14138
26005
14773
21870
22756
11731
10110
19912
27388
17753
14795
17801
19455
19638
6842
23272
2973
5619
4353
17236
11474
28198
29489
429
21331
9540
24632
19635
24619
18487
24874
14783
16806
16688
22593
32689
31342
21055
24866
26153
9204
7713
1633
13562
28689
13145
28744
14299
28142
19842
28884
10848
5665
16611
4353
8233
25112
17476
839
15706
29371
3328
8037
21322
2637
29020
19293
13696
23955
1303
30144
23259
57
25666
1323
7952
28785
8274
24850
14426
1501
884
30652
13676
18351
7712
25999
6059
28175
21233
8590
23962
4797
21684
21280
4501
21751
19135
13587
12483
29853
3972
10720
32326
10387
15717
25905
5812
13415
32202
20128
22475
307
20081
450
28768
15813
12550
3940
11417
18942
30964
25620
21084
29048
11130
30692
8711
14699
9729
11114
20322
17874
32429
30219
1746
6601
21298
18810
21199
14138
31209
20091
30103
25016
18723
24301
2852
2219
26813
24839
1884
7342
25076
26594
25737
21557
24955
15671
5640
9075
24523
14443
4933
27515
9147
1736
3815
9381
21328
18702
11847
2099
1750
10794
21799
32052
4655
21317
22945
19625
30828
24832
13405
24807
15770
15870
263
5180
2782
1700
25344
21205
22725
23068
8788
5087
5077
15520
5357
28141
28520
28405
10246
19098
23226
24373
7650
32111
19520
5842
21437
16903
22331
18904
9219
25968
16270
27506
14528
7893
32716
27568
25175
23386
30102
647
18040
328
10276
11290
31564
28266
23841
14903
25330
13751
28604
7973
23343
24624
7676
21917
5473
13580
16467
2582
10933
19731
8055
26950
16538
30024
23661
14309
20854
9418
7910
6068
28055
2556
32207
7614
2156
29412
22052
7645
9717
5329
1029
20353
31864
30529
12811
12205
24182
1537
13020
17474
221
3734
6397
9344
29055
11484
232
27338
20931
27373
16735
29609
10650
6212
30207
3604
26293
7203
6168
239
23542
18225
6588
2513
21796
26728
14102
14602
4834
10542
29181
20197
17122
29890
27593
32298
18518
28378
4454
14311
26791
15755
19879
25712
12394
10856
13788
11685
9360
24302
25766
15987
5084
16416
30474
7070
7323
11630
24517
31165
14991
9947
1247
13446
28972
7775
23427
19275
26119
30858
30222
1733
32651
107
14438
11281
23533
21168
9869
24824
13411
1038
374
9587
145
1764
9751
1646
28228
5147
25279
28109
355
6992
13994
13229
28707
32309
12243
21740
3961
6964
23305
29419
25557
27478
31301
146
10765
14180
30011
16533
27799
10316
14383
30966
30972
14021
29962
32716
18825
15926
31405
1346
14152
14036
5765
16098
2095
23307
13407
22548
11670
15392
12414
19425
18159
2580
4075
3069
15537
4811
4877
6405
1941
15470
22137
28677
30725
32525
30219
28989
4561
8585
26166
9253
20517
15793
30616
31918
26040
20395
14546
1483
19781
21654
10902
5424
15935
15469
31234
27737
22977
13102
13612
27343
9156
1340
11774
13735
7316
8962
32580
30795
3717
2010
26627
8829
25569
2093
28940
18328
6438
19163
4306
793
8046
29149
16761
1631
17199
13865
15663
13231
27428
31445
21695
27259
17291
7040
5219
26852
10641
31214
10970
26237
27403
3826
18107
19538
11878
657
24073
11817
5857
3940
5127
26887
30969
13630
12622
2806
13093
32527
25116
26630
32452
24584
12015
146
19796
27648
25427
7364
1508
28439
22264
16731
14028
10393
19719
25004
3995
11557
23990
29415
14161
13326
7707
17564
21199
21505
31293
17022
20363
29416
30065
870
18056
27919
17636
18843
2950
14213
30836
22608
15478
454
9668
17006
25904
6806
18831
5780
2920
7216
21308
3164
14046
9120
3763
5857
18902
5998
24688
126
15816
16764
2005
29656
6232
16433
23493
5662
11400
4823
13678
5775
31789
17730
32102
22333
19872
32435
3834
4881
18869
30716
26051
9488
13809
7396
18810
21724
7927
23756
27660
19582
1860
28307
11761
7010
28188
3000
31930
27299
17092
26302
32746
18058
6130
24789
2055
8529
11138
17078
29681
29484
5738
31951
114
7050
14576
12960
13845
26519
14107
5477
26940
25094
6503
20981
109
20495
26044
5610
29933
32691
17569
28674
16784
19271
1710
4037
13263
30256
7743
10344
21275
18156
24944
31474
21105
594
10309
19357
16431
11290
6952
18047
26662
12447
17817
5993
7152
23524
16673
14608
21891
16853
3207
16234
26631
31696
25415
8539
13029
24420
10560
17809
2849
4697
16045
22189
20201
8176
20566
8867
22382
29547
30728
2403
15602
23504
16706
16057
8482
31979
26161
25457
29607
20882
22750
14784
25848
9005
27815
30943
31602
6773
13292
1017
32426
19835
26122
2119
11522
28396
24973
18042
28538
660
7841
2905
32713
15138
9674
7083
13485
25899
24277
5975
26751
881
19471
6090
11786
100
1460
3481
18333
6377
2474
8551
5215
25691
13167
7178
26595
7631
28753
6633
32764
4765
989
3496
3283
23068
28825
22024
32566
15020
22774
27400
4403
24570
27776
26193
15590
18047
13656
27344
5519
74
23012
12197
14055
14080
9925
12860
16053
3873
29961
21433
1180
20620
16546
26010
1079
30790
791
27031
11624
6007
9850
2253
3820
9141
9370
1564
3891
7301
9849
12238
10095
10783
14337
5241
21740
6514
25586
32550
13471
22888
19487
32434
32001
23915
4570
31861
18974
2344
8877
9762
28648
2451
15691
12014
18130
16171
17093
11253
9882
7551
10241
4057
870
9201
7017
2476
24851
21434
13024
19216
4298
18222
13818
31132
27860
20033
22636
20354
1711
13387
30913
12143
31585
4872
14159
12211
25100
22243
31082
24738
2243
22644
11479
21050
29596
12103
24451
7430
20998
8671
32629
29249
24157
22266
22274
30527
23484
11287
6464
28681
9747
21814
4797
32072
2169
10719
21104
29028
19907
17253
24303
236
16213
20588
19427
21049
1592
16809
17337
12366
8813
13289
22939
25859
27777
15189
14239
32355
21858
29684
32062
850
22641
31601
25095
23411
21464
14367
28820
28232
15134
4410
28094
15771
22521
31856
16397
32541
3427
1183
27506
31054
20719
11745
30009
10140
20062
23238
17465
27087
26989
5856
20814
17060
4594
27269
15369
27064
7719
7120
6053
13480
8006
233
1085
7031
25686
18310
26685
23600
8004
21938
24087
460
24629
10190
10807
21077
23323
20437
19768
26700
11142
31204
1624
31561
2750
6649
23081
7137
11278
9978
29066
26316
13154
1786
25814
29511
31253
4281
18267
184
5636
18025
1806
10129
22247
11704
29820
4470
11745
26890
1796
31906
13141
30214
12612
3719
16124
13653
22993
14772
17972
8102
19499
15100
29851
19446
13808
29141
13021
11022
1103
6142
4042
7245
13760
7269
16300
16295
29682
9543
9687
10478
2565
32153
7297
22608
2810
29095
28372
7202
15464
24315
14658
16348
6512
31616
9241
11364
498
6119
11351
23951
27137
24906
28351
20709
7573
26127
10540
20900
27776
25104
26150
17928
21156
5624
1715
25034
28770
11760
7791
25062
26454
31612
21983
13730
28481
1695
18179
14540
14150
14918
2090
25411
26458
12260
22794
4537
22006
24153
9744
19382
17934
12312
22005
10976
16711
17545
5522
18299
25189
24748
5621
20012
9218
21248
28852
8962
1926
20131
9857
13750
10323
442
27647
27442
3904
27411
14549
16465
23113
13065
19712
2534
3205
2984
8301
30207
6744
23570
28871
12907
1513
15137
24974
23673
8150
32078
25193
7683
16423
22994
20413
7083
2945
27403
382
6245
6300
3616
15429
29238
2551
26088
14499
23611
28619
1288
13494
31212
1597
860
17401
16290
9175
665
20832
15447
27705
26160
1957
12461
6924
17013
5084
5938
31544
18176
30286
483
24151
10323
21892
28911
10345
19646
1954
1725
17353
16512
17911
15663
4448
13615
16081
41
10520
4186
31126
20813
32403
19820
16656
22793
15902
14035
2057
2260
30176
14946
31768
12980
24407
23796
15034
14852
23814
4435
23716
16756
103
30296
19288
31313
11303
16467
5367
30983
9874
20908
12886
13028
12365
18123
29523
2334
29507
31030
1386
1304
24033
15865
18563
10721
16006
25419
26126
32509
13109
12654
24146
14441
16782
29399
2
8153
11004
18319
32274
9028
20783
18393
6088
11426
16077
14869
1814
9973
10340
24548
10535
21638
31140
7821
5432
23153
17099
1696
5545
9571
6752
32473
14164
2979
18212
5702
25373
20559
17990
16812
13770
27625
470
2088
2582
15890
19324
25362
26880
3220
28522
21798
21609
29606
29583
31974
8158
11116
22285
9786
19379
18110
26094
8026
5713
20266
29970
21741
14288
25148
6764
31091
31689
13308
13679
15328
11621
6841
23490
20873
2490
2053
32315
22340
11352
4865
23051
19915
10782
30683
2614
13666
20051
12436
19783
3258
11762
2823
21313
14100
1348
24615
10200
3497
5044
20616
3297
8266
27104
10785
22792
26948
24044
23376
11969
30854
6683
5918
8065
23046
31136
3781
3885
15200
10161
25711
27603
5312
13534
15169
3480
22787
5793
2200
21233
28953
17718
2706
19734
1710
27564
2001
4276
25097
24125
15483
32482
24372
19163
6277
6743
15965
22539
13106
15578
21372
9718
6102
16633
22838
26045
20448
29694
27393
31502
19991
25631
27274
23541
7972
24309
21588
8948
849
13360
18337
1877
21904
4232
17813
12223
25535
1271
27545
4872
7210
3621
11518
23370
13394
12324
20450
32569
11501
31325
12632
1459
22317
1994
5315
10137
16197
20326
643
17374
8234
22754
31188
23005
17558
10650
31218
32240
31059
32199
9858
31806
29878
8694
2861
7636
22378
185
17038
17400
10862
14492
1102
19897
32353
20058
24205
31691
4094
20305
7812
18066
5603
30772
11369
23165
7062
13312
24211
11925
3529
1841
2015
26966
23517
15157
17746
1981
21158
24097
20224
31394
5230
27299
20524
11848
21052
11319
2736
12339
10838
13214
18848
26425
20484
28557
26410
4572
24727
15778
27072
32471
2474
1947
31866
13303
25768
16586
18101
30508
11150
22468
26369
28128
10994
28762
5434
18055
5445
31178
12276
8312
6997
30006
14620
9723
28181
84
1501
3235
3489
30824
9665
28638
2429
18799
17689
14794
5661
15773
3742
3658
7083
24842
20568
27738
8708
19881
26559
31135
15876
29561
14625
11330
25603
12543
13891
18175
17311
20467
14411
23417
4284
14906
12509
18129
24010
31508
30341
23670
27463
24727
12373
13119
4228
20828
9423
18615
8619
10872
28677
28344
30465
14765
25854
14139
31081
10210
7772
21102
22570
26577
572
4871
19441
32000
15710
3288
2842
12018
31110
420
21291
31902
21281
4146
11169
25632
21036
22943
17904
21167
27218
4344
7877
20687
18004
10505
17550
16071
25262
5231
26428
13654
15224
19445
5447
24226
4490
3869
18931
23409
2787
4860
12499
2203
12876
4939
17035
14528
6712
31164
7897
13878
9967
3978
18391
8517
17387
27988
8826
32407
2178
7467
24671
2538
4038
8938
14023
8456
1962
24261
1760
23289
15206
32293
23366
8055
7452
28340
24265
21154
4795
1971
12401
26869
2596
23956
14527
30585
6283
29637
25654
5176
10528
16586
26394
6901
32495
14478
28280
10778
3589
20731
25190
27634
28629
13512
7564
24
30426
6290
15843
6448
9597
26159
29373
8916
3128
12863
27654
977
21244
12291
20169
20628
29136
6003
21237
479
23740
12682
28258
961
9957
32485
12559
12484
24825
11404
13998
3432
14029
19216
20834
22480
4165
31702
20935
16316
14709
2226
4147
23223
22021
6583
6971
10386
9178
32078
12153
15376
20722
13958
23693
23523
26768
17835
31586
12247
7066
24346
22963
20046
26687
1107
16077
15852
25820
13136
11670
16275
12833
8214
1998
29842
22640
11401
30357
13593
5253
4740
15405
10993
22364
29737
21250
1129
32079
18038
32231
21396
128
18969
11683
28081
10870
1670
24492
24299
2315
31558
23090
17987
10885
31634
26975
11722
25859
26656
478
13075
11547
15165
27802
5096
16321
6940
24520
29500
9066
26222
10535
27233
17522
28466
19846
14971
12475
22479
16776
12853
13976
18016
8100
7090
27369
25167
32623
18119
23175
20517
21022
871
27362
8096
26694
8286
11752
24583
1255
16962
11561
20154
8617
9895
28729
21517
18533
10131
16982
16982
9703
4914
31563
2885
14835
11210
20372
24436
18565
25584
27587
27711
28765
11005
24355
11222
2747
23996
6554
31632
14440
12133
212
27779
16373
7887
24733
593
8519
19425
14991
21572
596
16714
14574
17566
22823
1649
18640
16938
30506
3503
8065
18455
22948
21181
12069
4102
25473
15720
20127
10850
25682
7308
6322
28912
4244
19775
18022
1959
20277
25165
2222
24513
84
24549
9543
28946
8521
24465
23267
7577
29157
12395
20615
29525
32506
18319
5170
16473
13854
5324
27839
11555
26285
3999
780
20778
21517
4193
9820
30134
15670
18879
12282
31476
32113
30315
18976
4938
10847
3857
7702
18664
21310
7309
11678
416
17768
31323
23440
29943
31260
7502
26562
18556
4481
12933
25130
18008
32488
10908
22855
25127
19026
1311
18364
6
2866
28740
1343
12781
116
4313
16049
24384
27069
1659
14734
2720
1525
9
26248
10759
23299
29784
1903
17684
10967
21288
27732
19875
14766
16983
3054
26273
18833
15189
31549
3359
28447
7384
2156
22436
9101
1233
31996
16328
14315
1694
19231
10750
3497
4481
10850
8114
14425
6993
26511
28564
27830
25455
27602
10291
24806
25084
16154
8397
508
14153
2498
1125
8897
12175
22897
4887
1972
12001
11583
3497
29775
6494
3353
32610
7564
2987
12390
23071
9640
30625
30698
6307
1319
31042
16107
23343
1304
30706
18323
12882
11930
26596
18070
3075
21407
16338
21013
30445
5360
30449
14273
12298
2418
7972
32323
11891
27303
28527
5596
8567
27255
21167
31816
5354
5681
20105
22505
12223
27341
22177
20001
16602
32372
24588
6400
3615
25410
18695
8223
6607
10058
26857
6347
21012
5594
23638
29030
24282
7681
25014
3083
481
591
23013
3185
15632
13788
16684
15634
13069
2699
13425
20364
30218
5264
22186
31815
14562
26416
10904
17752
5732
3784
13489
24741
25326
27665
31070
3402
15423
21666
11110
22588
19334
7351
7850
5164
28094
28208
21268
2223
13886
4317
11210
7323
32652
2040
9895
32692
32371
10483
10219
6024
2901
3957
11825
13207
5570
4767
674
19639
30280
8083
14697
21431
4749
7479
5734
21315
1948
15670
10791
26887
20093
24136
15124
23064
3848
25524
20201
18063
5370
9747
26730
16503
6985
24918
19794
18921
25013
17418
26764
32373
16544
987
7333
27588
12063
6999
6786
23932
28497
5365
4174
8292
21744
1878
17591
201
23077
9930
29274
2080
30369
4118
30587
15852
27881
12405
11770
28642
497
28380
32642
17739
21229
31362
2564
8619
15716
25248
26724
6816
3462
23413
29554
1292
26303
21646
3867
23926
6796
17476
22497
4014
24974
19590
17544
25008
10973
7385
4114
1483
30110
13724
32750
6147
26840
28817
23149
2739
7555
29337
8565
18039
20194
27327
25977
328
25875
17016
17576
4329
3557
9001
27237
15491
22505
29930
8952
20876
972
14986
22403
32748
32739
28371
1591
16739
16904
18191
2759
20517
29605
32459
19229
28872
9230
4314
7245
4960
29972
413
29639
4073
30167
7810
14544
485
8155
22219
18995
1861
10846
4497
3123
26253
10217
9480
4805
24628
8742
21252
15356
12105
10225
28348
20165
32093
433
4046
29140
19868
32745
30340
3806
9021
6154
1366
30217
26397
17292
29616
21921
20646
21820
7669
23052
22006
14552
5827
2560
26429
20697
23929
13043
31079
26256
24054
31187
9212
24692
7588
25592
22084
12987
14774
27735
26542
15911
6829
30968
1906
4387
289
17578
20342
16142
20414
4341
32367
16855
13965
13392
7496
6602
9076
22676
5063
8105
7169
32177
28782
15615
25699
5279
26527
32433
6073
18072
19972
13782
5520
15493
4654
6856
26790
31414
31100
9851
2804
9429
9279
5646
10988
15901
7451
19616
22016
14791
30641
1893
11363
28613
17018
6137
531
18867
20470
6388
4375
15371
6919
20670
8453
24472
19095
13989
18376
16173
6273
20012
10144
11670
8111
19622
20074
14287
21888
15620
6690
1908
12908
5612
18086
18809
19946
30219
2237
27931
29073
31403
23127
20246
26494
25736
23575
9497
2039
32479
28686
15735
19021
31945
29130
26399
23815
16583
12175
5582
2364
17054
2276
5763
25921
1893
22097
26676
6789
24540
32360
3263
17080
24831
23554
26147
8243
19163
22987
29680
13716
20897
26369
1276
168
31993
10616
12632
23695
4504
4322
12418
20250
14613
12109
24540
17784
23544
31469
3421
1042
25109
23836
23175
19891
19736
12959
19353
1516
24928
8491
22277
21175
20753
26151
2340
346
7524
692
4137
12942
8770
26859
17492
4577
18
3685
104
7257
22479
2049
24158
14938
3421
4833
11355
12489
1053
11958
11744
11634
2495
11582
32064
29351
25431
23307
8536
26154
12467
9605
11130
1870
6636
25138
29098
4184
31548
6965
14605
18219
783
1301
25758
16677
30301
448
31779
7748
3894
21712
8032
32653
10655
27916
14730
15534
12956
26418
2302
7394
3470
11764
20275
5909
25535
23360
15597
23881
4668
16068
28340
14136
10723
11698
3461
28730
13756
32704
26567
23658
15245
23924
5760
14596
10920
17310
713
27666
11528
24614
24448
26440
3740
11271
27452
12844
12003
26268
3718
24442
12473
22043
10822
29126
23665
29023
10875
29539
26659
22250
12591
17796
6727
13610
28075
27297
31363
2043
29671
20508
1218
20334
10308
23333
4742
9160
4989
15579
28287
19150
13019
20915
18012
12864
6313
4126
28385
29604
28904
19046
11834
17732
15940
18393
143
31866
25414
31018
2776
1323
19402
19476
12275
29330
19124
25152
31731
3391
32735
12137
22972
607
23126
17086
18125
6205
2759
16264
31068
3081
31284
18700
11432
31961
6380
26035
1931
2029
6586
7528
20814
31287
27996
22338
26818
15130
4662
14947
12684
21619
3144
5664
27585
15318
6494
5474
10675
16666
30086
16715
22538
17943
17351
5917
3094
9134
28432
13656
3171
24586
5999
25635
18318
6694
24451
31981
11608
20111
11828
30036
7673
22892
14497
4422
25527
22971
26714
102
27318
23005
29136
27313
11026
24917
12042
12385
31019
21453
4761
24849
12352
16729
18125
11811
27456
3072
19753
23647
16348
1657
12821
30940
12257
28722
10451
21796
17605
29335
9140
3731
2431
912
15500
9472
22172
20811
355
25760
9360
6973
31085
10022
22602
7267
30269
12335
15883
27342
1333
10462
9847
28766
5441
32451
23021
24782
9413
10754
22036
20720
3027
7857
2486
21306
13986
28033
722
15746
25659
22433
17132
31750
15734
23007
11688
5551
22565
29457
17815
17815
31375
10675
11089
19912
13088
5329
4804
26439
6238
27688
8907
29521
17695
25480
29443
20964
25849
21884
7130
385
25851
301
3304
27697
7322
24452
7555
1478
750
21391
2957
8035
17439
14886
23697
5182
19226
7374
21774
13221
5000
3037
31251
3135
22528
25567
20748
31893
28795
569
20956
11472
29961
11532
16172
21956
30915
12892
22786
31022
28929
626
7573
28474
7373
18814
3168
27977
151
19585
8053
27120
18986
3434
28436
580
12510
31359
13180
17493
9743
11519
6401
760
27087
31494
6751
5834
22488
24752
21838
12401
196
1153
3414
8229
25473
23301
20709
13936
23295
11699
29855
8753
5163
2327
22773
28647
8225
22065
11769
3628
30365
8984
10608
31616
31923
24290
25385
328
25537
3272
19342
8214
29857
12934
28793
4395
6947
1537
1097
315
17850
7724
23348
26736
28021
11052
21215
9137
23089
31163
22571
13091
30478
17866
32594
16880
19231
8298
25140
23368
27238
27884
14571
28838
29439
14663
24741
5461
27291
30139
17587
4914
4144
20404
24029
15539
30191
13297
15353
8232
30583
15333
19900
65
24648
2654
23247
13777
22138
23396
25637
24273
23983
19300
24205
32424
1606
6542
31619
29610
7377
27003
29772
26078
28105
18451
2882
4868
29057
30638
14188
7126
29785
18297
11857
13967
3892
31260
16398
27306
1068
32665
14759
14828
21380
1655
16795
23204
7389
10273
25275
26418
8365
13449
14651
9926
30190
24848
30218
21354
18451
24234
11359
323
12608
6973
7573
2835
1210
12875
30520
10243
7581
20689
14176
3744
1485
4207
11069
18723
2350
3528
15348
7925
2328
15916
32169
14194
9221
18549
13533
23022
1421
25902
17915
28405
29333
2555
17197
9943
26051
25652
3188
26980
20533
26324
13816
29429
21106
28562
10397
17068
416
18253
12502
15868
3320
429
28606
11627
22392
8
25189
30358
22999
7042
29543
14198
24766
14969
19140
9955
31541
21792
20459
24150
11612
11625
4632
28915
15195
15913
2784
29639
8347
9591
28427
23374
1847
3668
417
21048
21421
23954
7495
28012
6362
9710
26572
24910
2085
10112
25600
7229
12794
24149
21957
27232
10874
25690
11368
1699
26224
10875
26417
15612
25735
19725
10296
499
30395
1897
27003
9057
16398
2778
2094
30328
14972
15546
6738
9987
22832
8151
17033
3055
6904
27932
30249
9483
8439
8045
27023
9740
7578
30418
5814
13012
12237
14040
4616
12532
32366
9268
8563
21103
10241
1450
18880
15809
23206
11309
17952
30495
10313
17992
7688
28417
27417
700
19775
23006
20027
18027
12854
13622
20159
31092
13975
7638
18643
12192
26144
23384
25910
12285
26546
17641
31472
8136
3237
25423
14657
21648
27231
29738
11735
4505
12837
12921
31555
13439
15152
2145
21422
5403
29444
3626
3016
7338
10237
31371
23042
22572
25131
26663
5629
2571
15968
5207
3138
32509
32646
31530
14899
10795
18998
29866
1602
19603
16007
14177
18528
11179
25636
25628
14008
6983
7330
32495
2718
24252
4112
31097
29122
9542
18383
12905
8106
9639
27556
3649
4959
7441
21771
3419
25958
13638
27854
809
12785
5630
1751
21184
29527
9609
12354
21656
24770
15541
9143
18829
9511
20978
22519
32554
636
24500
23732
2343
13605
2585
31142
13360
11183
18380
17371
5609
26304
4649
7503
24110
5454
24738
21180
19871
16656
29537
19379
30044
7986
12590
236
9229
22861
7316
11483
9254
25238
9279
27267
12137
11606
21161
13967
15276
21658
8438
1695
1244
3627
28956
27360
30786
30912
29510
28127
25861
6771
31355
9887
5616
9074
1146
12521
14454
18679
30953
32739
13555
19578
25519
16100
23605
805
11935
13447
3643
29064
7766
23550
15932
20366
5734
10409
30700
2223
26804
10215
18938
3176
13342
29997
14813
744
5729
13397
9424
14861
13626
1592
12827
24206
25292
11134
14997
21882
24898
18869
18791
18913
2485
1697
6674
17104
23120
28115
14260
21891
12210
21629
8583
18391
11667
12165
6314
14078
6827
4056
31524
5750
13263
14593
20518
6972
14942
1530
27024
26429
16859
4162
16055
2317
219
19759
25701
9179
10530
5510
17954
21413
2825
19273
1202
8616
2083
4560
7647
7451
6431
19483
16761
27676
27376
21863
30618
26859
22316
10239
31790
8022
15282
26197
29619
15988
30096
31313
23870
21142
804
16105
26047
23419
4481
26610
133
4803
30995
7222
26885
30374
28039
30150
29143
27878
25829
23698
17665
4610
31231
28470
31096
2221
19983
28183
8676
23934
11676
23727
14500
21225
31901
19749
3346
10606
11745
2593
5640
14352
18862
4830
19875
26889
18345
7553
31302
28348
16373
5033
2274
17643
14239
15687
23669
21034
3130
3504
14033
15764
17094
18160
7839
19644
15831
26465
26275
24039
7923
5501
14914
21112
22331
32241
21313
32171
11085
22514
15567
27526
11882
980
18374
5133
30932
30681
5166
20150
7546
28487
21507
6684
8919
4029
11063
3063
792
30918
20731
32076
30589
29103
22075
18145
4865
10646
13671
8692
28733
15812
3961
300
30346
31293
14900
30160
31334
2196
937
30007
15641
260
20224
4736
3992
4541
28277
131
7337
12412
24225
28678
7752
2654
18171
7733
585
9718
25502
10060
16960
27549
15437
29079
29342
2057
19636
17564
19740
23842
496
24727
14941
29968
12626
10790
7886
11161
27744
15942
28370
426
22045
638
19996
20275
23947
1370
15963
18232
365
17179
8477
550
337
8877
4333
611
8142
16089
21951
26408
23051
20412
30863
16787
14464
18552
14916
16376
7425
32041
29146
9081
12792
25883
5568
13270
24306
19770
29823
9606
26205
3785
24733
9734
4239
7767
21441
625
2059
1775
19735
7249
19200
9616
28406
8372
22035
14556
8129
13699
27742
6420
12811
4368
8377
11332
22526
12270
1080
27323
26109
7429
7669
1982
10376
32741
4111
4734
20832
25947
3570
9031
16364
30274
2009
26873
10460
4252
12178
10940
24844
30434
14977
4592
20395
2456
1256
20579
19356
16163
31334
30407
26652
19935
26557
3939
29862
15469
6616
20744
13331
19530
28172
32327
3846
29350
14238
17633
17799
21363
7813
12671
25582
29372
23410
2979
32515
4152
29966
11743
31587
24863
25218
11845
25638
7228
14141
27422
5310
3140
15345
20447
14882
7270
6367
26200
28461
4899
30037
2095
30784
28512
12405
17549
25135
7097
5943
19991
2139
27673
15282
1312
17947
6535
20887
29212
22369
12355
13310
17496
11418
9234
30821
10473
13781
32470
13045
3555
26920
23905
20488
9675
2127
11915
9961
16206
27031
26754
10714
17714
18427
10338
22364
31374
24204
28678
20650
18230
21270
30237
14727
10362
13312
15488
17721
6672
3444
24771
5334
2894
22976
23305
19134
13468
20732
7965
30569
24874
23533
21439
17251
222
11818
5180
31380
5777
19325
28738
23749
22138
31884
7665
22368
2282
30393
4661
3191
1338
15174
29524
19208
22786
29117
6595
23680
28556
16783
4926
19325
19849
28411
23575
2008
13570
16177
17103
3043
17809
26552
10723
26351
27856
3341
7144
20754
15122
5261
26074
11303
28753
19860
11186
5653
21864
13799
11062
28757
13698
23887
8469
174
3027
11399
1075
3907
14726
4952
2882
9680
22518
25091
12434
21553
31520
20959
10282
7716
30809
323
31767
30287
1340
26278
17156
27269
17127
32517
9483
25925
2407
15238
8907
10371
1904
29274
21179
26027
2641
22247
2237
5860
552
15655
7159
32146
5714
11339
16094
27166
24102
1189
7571
12537
4579
15556
13939
28894
18406
31201
8426
3672
4641
1914
13959
2181
4040
29244
21078
2841
18253
18982
6762
24997
23695
20460
1977
12314
30543
4505
8237
5257
28131
14969
5879
5676
2094
6710
18215
1450
28367
10049
15481
12951
6809
115
15986
6714
22595
12789
4524
29588
13409
16733
25455
15517
25491
17689
4992
11473
31485
2833
20542
12523
3319
4744
14570
21489
32261
23875
31303
14704
9737
23534
6499
3337
4535
31163
24756
2860
30794
2892
9062
1828
14709
9427
19188
4692
30621
7032
25334
10432
8773
13819
5946
1743
1226
20634
22549
3151
11600
30773
6395
20665
16380
16560
23886
19638
2660
23193
1908
15587
27459
11274
7724
8657
25202
28881
31778
337
23827
9679
7617
19694
4623
17310
328
4538
708
3191
19744
21838
29687
29010
12397
17420
29456
21070
12771
5287
15238
7764
24794
17638
4248
5623
7333
5028
24382
13727
26144
23580
15455
2791
28553
13923
4932
31043
24209
310
6221
12774
29874
14582
21474
25315
4546
16369
22957
24978
17609
31715
6
21557
24336
27837
11183
7899
15738
8356
962
6021
15383
10557
8679
17800
2039
30248
4810
12338
17212
14538
15053
176
12147
13648
29434
31535
21029
9456
29243
4930
18344
3442
22221
8068
14395
12784
25586
28798
9043
218
18406
20171
29999
9020
32277
9337
6834
4420
8587
21939
1906
20479
17324
3229
25101
15459
6949
31872
19132
1938
7970
24615
28714
18525
25282
14217
26246
17927
